0.08464060984298946
0.018296434284209954
0.04377523485765466
0.03238846586372962
0.10772175913605576
0.01122795571541805
0.023643434143996427
0.026431680244486604
0.08956668297721959
0.001561234680241625
0.007672827477272532
0.05577493726160124
0.030103843853639973
0.07194699356448535
0.07199449447301176
0.032523814838024766
0.001683420752174025
0.07043297364271876
0.07161763485536546
0.06607032995962422
0.03762730100410053
0.009464412948862124
0.006411764200911674
0.003002572488961762
0.020196184475215113
0.004223002458028941
